DIM 512 512
RGB 1 0 0
TRI -0.335000 -0.580237 -0.513250 -0.430668 -0.494265 -0.437578
TRI -0.328407 -0.582637 -0.494265 -0.437578 -0.513250 -0.430668
TRI -0.309422 -0.589547 -0.439601 -0.457474 -0.494265 -0.437578
TRI -0.280336 -0.600133 -0.355851 -0.487956 -0.439601 -0.457474
TRI -0.244657 -0.613119 -0.253117 -0.525348 -0.355851 -0.487956
TRI -0.206688 -0.626939 -0.143789 -0.565141 -0.253117 -0.525348
TRI -0.171008 -0.639925 -0.041054 -0.602533 -0.143789 -0.565141
TRI -0.141922 -0.650512 0.042696 -0.633015 -0.041054 -0.602533
TRI -0.122938 -0.657421 0.097360 -0.652911 0.042696 -0.633015
TRI -0.513250 -0.430668 -0.629594 -0.229153 -0.600508 -0.239740
TRI -0.494265 -0.437578 -0.600508 -0.239740 -0.629594 -0.229153
TRI -0.439601 -0.457474 -0.516758 -0.270222 -0.600508 -0.239740
TRI -0.355851 -0.487956 -0.388446 -0.316924 -0.516758 -0.270222
TRI -0.253117 -0.525348 -0.231047 -0.374213 -0.388446 -0.316924
TRI -0.143789 -0.565141 -0.063547 -0.435178 -0.231047 -0.374213
TRI -0.041054 -0.602533 0.093852 -0.492466 -0.063547 -0.435178
TRI 0.042696 -0.633015 0.222164 -0.539168 0.093852 -0.492466
TRI 0.097360 -0.652911 0.305914 -0.569651 0.222164 -0.539168
TRI -0.629594 -0.229153 -0.670000 -0.000000 -0.634321 -0.012986
TRI -0.600508 -0.239740 -0.634321 -0.012986 -0.670000 -0.000000
TRI -0.516758 -0.270222 -0.531586 -0.050379 -0.634321 -0.012986
TRI -0.388446 -0.316924 -0.374188 -0.107667 -0.531586 -0.050379
TRI -0.231047 -0.374213 -0.181110 -0.177942 -0.374188 -0.107667
TRI -0.063547 -0.435178 0.024359 -0.252726 -0.181110 -0.177942
TRI 0.093852 -0.492466 0.217437 -0.323001 0.024359 -0.252726
TRI 0.222164 -0.539168 0.374836 -0.380289 0.217437 -0.323001
TRI 0.305914 -0.569651 0.477570 -0.417681 0.374836 -0.380289
TRI -0.670000 -0.000000 -0.629594 0.229153 -0.591625 0.215334
TRI -0.634321 -0.012986 -0.591625 0.215334 -0.629594 0.229153
TRI -0.531586 -0.050379 -0.482297 0.175542 -0.591625 0.215334
TRI -0.374188 -0.107667 -0.314797 0.114577 -0.482297 0.175542
TRI -0.181110 -0.177942 -0.109328 0.039792 -0.314797 0.114577
TRI 0.024359 -0.252726 0.109328 -0.039792 -0.109328 0.039792
TRI 0.217437 -0.323001 0.314797 -0.114577 0.109328 -0.039792
TRI 0.374836 -0.380289 0.482297 -0.175542 0.314797 -0.114577
TRI 0.477570 -0.417681 0.591625 -0.215334 0.482297 -0.175542
TRI -0.629594 0.229153 -0.513250 0.430668 -0.477570 0.417681
TRI -0.591625 0.215334 -0.477570 0.417681 -0.513250 0.430668
TRI -0.482297 0.175542 -0.374836 0.380289 -0.477570 0.417681
TRI -0.314797 0.114577 -0.217437 0.323001 -0.374836 0.380289
TRI -0.109328 0.039792 -0.024359 0.252726 -0.217437 0.323001
TRI 0.109328 -0.039792 0.181110 0.177941 -0.024359 0.252726
TRI 0.314797 -0.114577 0.374188 0.107667 0.181110 0.177941
TRI 0.482297 -0.175542 0.531586 0.050379 0.374188 0.107667
TRI 0.591625 -0.215334 0.634321 0.012986 0.531586 0.050379
TRI -0.513250 0.430668 -0.335000 0.580237 -0.305914 0.569651
TRI -0.477570 0.417681 -0.305914 0.569651 -0.335000 0.580237
TRI -0.374836 0.380289 -0.222164 0.539168 -0.305914 0.569651
TRI -0.217437 0.323001 -0.093852 0.492466 -0.222164 0.539168
TRI -0.024359 0.252726 0.063547 0.435178 -0.093852 0.492466
TRI 0.181110 0.177941 0.231047 0.374213 0.063547 0.435178
TRI 0.374188 0.107667 0.388446 0.316924 0.231047 0.374213
TRI 0.531586 0.050379 0.516758 0.270222 0.388446 0.316924
TRI 0.634321 0.012986 0.600508 0.239740 0.516758 0.270222
TRI -0.335000 0.580237 -0.116344 0.659821 -0.097360 0.652911
TRI -0.305914 0.569651 -0.097360 0.652911 -0.116344 0.659821
TRI -0.222164 0.539168 -0.042696 0.633015 -0.097360 0.652911
TRI -0.093852 0.492466 0.041054 0.602533 -0.042696 0.633015
TRI 0.063547 0.435178 0.143789 0.565141 0.041054 0.602533
TRI 0.231047 0.374213 0.253117 0.525348 0.143789 0.565141
TRI 0.388446 0.316924 0.355851 0.487956 0.253117 0.525348
TRI 0.516758 0.270222 0.439601 0.457474 0.355851 0.487956
TRI 0.600508 0.239740 0.494265 0.437578 0.439601 0.457474
TRI -0.116344 0.659821 0.116344 0.659821 0.122938 0.657421
TRI -0.097360 0.652911 0.122938 0.657421 0.116344 0.659821
TRI -0.042696 0.633015 0.141922 0.650512 0.122938 0.657421
TRI 0.041054 0.602533 0.171008 0.639925 0.141922 0.650512
TRI 0.143789 0.565141 0.206688 0.626939 0.171008 0.639925
TRI 0.253117 0.525348 0.244657 0.613119 0.206688 0.626939
TRI 0.355851 0.487956 0.280336 0.600133 0.244657 0.613119
TRI 0.439601 0.457474 0.309422 0.589547 0.280336 0.600133
TRI 0.494265 0.437578 0.328407 0.582637 0.309422 0.589547
