DIM 512 512
RGB 1 0 0
LINE -0.225672 -0.542845 -0.198453 -0.397786
RGB 1 0 0
LINE -0.263064 -0.532456 -0.306120 -0.367871
RGB 0 0 1
LINE -0.198453 -0.397786 -0.306120 -0.367871
RGB 0 0 1
LINE -0.225672 -0.542845 -0.263064 -0.532456
RGB 1 0 0
LINE -0.295947 -0.528119 -0.400800 -0.355384
RGB 0 0 1
LINE -0.306120 -0.367871 -0.400800 -0.355384
RGB 0 0 1
LINE -0.263064 -0.532456 -0.295947 -0.528119
RGB 1 0 0
LINE -0.320353 -0.530358 -0.471075 -0.361832
RGB 0 0 1
LINE -0.400800 -0.355384 -0.471075 -0.361832
RGB 0 0 1
LINE -0.295947 -0.528119 -0.320353 -0.530358
RGB 1 0 0
LINE -0.333339 -0.538903 -0.508467 -0.386435
RGB 0 0 1
LINE -0.471075 -0.361832 -0.508467 -0.386435
RGB 0 0 1
LINE -0.320353 -0.530358 -0.333339 -0.538903
RGB 1 0 0
LINE -0.333339 -0.552722 -0.508467 -0.426227
RGB 0 0 1
LINE -0.508467 -0.386435 -0.508467 -0.426227
RGB 0 0 1
LINE -0.333339 -0.538903 -0.333339 -0.552722
RGB 1 0 0
LINE -0.320353 -0.570150 -0.471075 -0.476408
RGB 0 0 1
LINE -0.508467 -0.426227 -0.471075 -0.476408
RGB 0 0 1
LINE -0.333339 -0.552722 -0.320353 -0.570150
RGB 1 0 0
LINE -0.295947 -0.589084 -0.400800 -0.530926
RGB 0 0 1
LINE -0.471075 -0.476408 -0.400800 -0.530926
RGB 0 0 1
LINE -0.320353 -0.570150 -0.295947 -0.589084
RGB 1 0 0
LINE -0.263064 -0.607240 -0.306120 -0.583205
RGB 0 0 1
LINE -0.400800 -0.530926 -0.306120 -0.583205
RGB 0 0 1
LINE -0.295947 -0.589084 -0.263064 -0.607240
RGB 1 0 0
LINE -0.225672 -0.622429 -0.198453 -0.626939
RGB 0 0 1
LINE -0.306120 -0.583205 -0.198453 -0.626939
RGB 0 0 1
LINE -0.263064 -0.607240 -0.225672 -0.622429
RGB 1 0 0
LINE -0.188280 -0.632818 -0.090786 -0.656853
RGB 0 0 1
LINE -0.198453 -0.626939 -0.090786 -0.656853
RGB 0 0 1
LINE -0.225672 -0.622429 -0.188280 -0.632818
RGB 1 0 0
LINE -0.155398 -0.637155 0.003895 -0.669340
RGB 0 0 1
LINE -0.090786 -0.656853 0.003895 -0.669340
RGB 0 0 1
LINE -0.188280 -0.632818 -0.155398 -0.637155
RGB 1 0 0
LINE -0.130991 -0.634916 0.074169 -0.662893
RGB 0 0 1
LINE 0.003895 -0.669340 0.074169 -0.662893
RGB 0 0 1
LINE -0.155398 -0.637155 -0.130991 -0.634916
RGB 1 0 0
LINE -0.118005 -0.626371 0.111562 -0.638290
RGB 0 0 1
LINE 0.074169 -0.662893 0.111562 -0.638290
RGB 0 0 1
LINE -0.130991 -0.634916 -0.118005 -0.626371
RGB 1 0 0
LINE -0.118005 -0.612551 0.111562 -0.598497
RGB 0 0 1
LINE 0.111562 -0.638290 0.111562 -0.598497
RGB 0 0 1
LINE -0.118005 -0.626371 -0.118005 -0.612551
RGB 1 0 0
LINE -0.130991 -0.595123 0.074169 -0.548316
RGB 0 0 1
LINE 0.111562 -0.598497 0.074169 -0.548316
RGB 0 0 1
LINE -0.118005 -0.612551 -0.130991 -0.595123
RGB 1 0 0
LINE -0.155398 -0.576190 0.003895 -0.493798
RGB 0 0 1
LINE 0.074169 -0.548316 0.003895 -0.493798
RGB 0 0 1
LINE -0.130991 -0.595123 -0.155398 -0.576190
RGB 1 0 0
LINE -0.188280 -0.558033 -0.090786 -0.441520
RGB 0 0 1
LINE 0.003895 -0.493798 -0.090786 -0.441520
RGB 0 0 1
LINE -0.155398 -0.576190 -0.188280 -0.558033
RGB 1 0 0
LINE -0.225672 -0.542845 -0.198453 -0.397785
RGB 0 0 1
LINE -0.090786 -0.441520 -0.198453 -0.397785
RGB 0 0 1
LINE -0.188280 -0.558033 -0.225672 -0.542845
RGB 1 0 0
LINE -0.198453 -0.397786 -0.147297 -0.204747
RGB 1 0 0
LINE -0.306120 -0.367871 -0.312252 -0.158916
RGB 0 0 1
LINE -0.147297 -0.204747 -0.312252 -0.158916
RGB 0 0 1
LINE -0.198453 -0.397786 -0.306120 -0.367871
RGB 1 0 0
LINE -0.400800 -0.355384 -0.457312 -0.139785
RGB 0 0 1
LINE -0.312252 -0.158916 -0.457312 -0.139785
RGB 0 0 1
LINE -0.306120 -0.367871 -0.400800 -0.355384
RGB 1 0 0
LINE -0.471075 -0.361832 -0.564978 -0.149663
RGB 0 0 1
LINE -0.457312 -0.139785 -0.564978 -0.149663
RGB 0 0 1
LINE -0.400800 -0.355384 -0.471075 -0.361832
RGB 1 0 0
LINE -0.508467 -0.386435 -0.622267 -0.187357
RGB 0 0 1
LINE -0.564978 -0.149663 -0.622267 -0.187357
RGB 0 0 1
LINE -0.471075 -0.361832 -0.508467 -0.386435
RGB 1 0 0
LINE -0.508467 -0.426227 -0.622267 -0.248322
RGB 0 0 1
LINE -0.622267 -0.187357 -0.622267 -0.248322
RGB 0 0 1
LINE -0.508467 -0.386435 -0.508467 -0.426227
RGB 1 0 0
LINE -0.471075 -0.476408 -0.564979 -0.325205
RGB 0 0 1
LINE -0.622267 -0.248322 -0.564979 -0.325205
RGB 0 0 1
LINE -0.508467 -0.426227 -0.471075 -0.476408
RGB 1 0 0
LINE -0.400800 -0.530926 -0.457312 -0.408731
RGB 0 0 1
LINE -0.564979 -0.325205 -0.457312 -0.408731
RGB 0 0 1
LINE -0.471075 -0.476408 -0.400800 -0.530926
RGB 1 0 0
LINE -0.306120 -0.583205 -0.312252 -0.488826
RGB 0 0 1
LINE -0.457312 -0.408731 -0.312252 -0.488826
RGB 0 0 1
LINE -0.400800 -0.530926 -0.306120 -0.583205
RGB 1 0 0
LINE -0.198453 -0.626939 -0.147297 -0.555831
RGB 0 0 1
LINE -0.312252 -0.488826 -0.147297 -0.555831
RGB 0 0 1
LINE -0.306120 -0.583205 -0.198453 -0.626939
RGB 1 0 0
LINE -0.090786 -0.656853 0.017658 -0.601662
RGB 0 0 1
LINE -0.147297 -0.555831 0.017658 -0.601662
RGB 0 0 1
LINE -0.198453 -0.626939 -0.090786 -0.656853
RGB 1 0 0
LINE 0.003895 -0.669340 0.162718 -0.620793
RGB 0 0 1
LINE 0.017658 -0.601662 0.162718 -0.620793
RGB 0 0 1
LINE -0.090786 -0.656853 0.003895 -0.669340
RGB 1 0 0
LINE 0.074169 -0.662893 0.270385 -0.610915
RGB 0 0 1
LINE 0.162718 -0.620793 0.270385 -0.610915
RGB 0 0 1
LINE 0.003895 -0.669340 0.074169 -0.662893
RGB 1 0 0
LINE 0.111562 -0.638290 0.327673 -0.573221
RGB 0 0 1
LINE 0.270385 -0.610915 0.327673 -0.573221
RGB 0 0 1
LINE 0.074169 -0.662893 0.111562 -0.638290
RGB 1 0 0
LINE 0.111562 -0.598497 0.327673 -0.512256
RGB 0 0 1
LINE 0.327673 -0.573221 0.327673 -0.512256
RGB 0 0 1
LINE 0.111562 -0.638290 0.111562 -0.598497
RGB 1 0 0
LINE 0.074169 -0.548316 0.270384 -0.435374
RGB 0 0 1
LINE 0.327673 -0.512256 0.270384 -0.435374
RGB 0 0 1
LINE 0.111562 -0.598497 0.074169 -0.548316
RGB 1 0 0
LINE 0.003895 -0.493798 0.162718 -0.351848
RGB 0 0 1
LINE 0.270384 -0.435374 0.162718 -0.351848
RGB 0 0 1
LINE 0.074169 -0.548316 0.003895 -0.493798
RGB 1 0 0
LINE -0.090786 -0.441520 0.017658 -0.271752
RGB 0 0 1
LINE 0.162718 -0.351848 0.017658 -0.271752
RGB 0 0 1
LINE 0.003895 -0.493798 -0.090786 -0.441520
RGB 1 0 0
LINE -0.198453 -0.397785 -0.147297 -0.204747
RGB 0 0 1
LINE 0.017658 -0.271752 -0.147297 -0.204747
RGB 0 0 1
LINE -0.090786 -0.441520 -0.198453 -0.397785
RGB 1 0 0
LINE -0.147297 -0.204747 -0.078375 0.012986
RGB 1 0 0
LINE -0.312252 -0.158916 -0.280723 0.069207
RGB 0 0 1
LINE -0.078375 0.012986 -0.280723 0.069207
RGB 0 0 1
LINE -0.147297 -0.204747 -0.312252 -0.158916
RGB 1 0 0
LINE -0.457312 -0.139785 -0.458664 0.092674
RGB 0 0 1
LINE -0.280723 0.069207 -0.458664 0.092674
RGB 0 0 1
LINE -0.312252 -0.158916 -0.457312 -0.139785
RGB 1 0 0
LINE -0.564978 -0.149663 -0.590737 0.080557
RGB 0 0 1
LINE -0.458664 0.092674 -0.590737 0.080557
RGB 0 0 1
LINE -0.457312 -0.139785 -0.564978 -0.149663
RGB 1 0 0
LINE -0.622267 -0.187357 -0.661012 0.034318
RGB 0 0 1
LINE -0.590737 0.080557 -0.661012 0.034318
RGB 0 0 1
LINE -0.564978 -0.149663 -0.622267 -0.187357
RGB 1 0 0
LINE -0.622267 -0.248322 -0.661012 -0.040466
RGB 0 0 1
LINE -0.661012 0.034318 -0.661012 -0.040466
RGB 0 0 1
LINE -0.622267 -0.187357 -0.622267 -0.248322
RGB 1 0 0
LINE -0.564979 -0.325205 -0.590737 -0.134776
RGB 0 0 1
LINE -0.661012 -0.040466 -0.590737 -0.134776
RGB 0 0 1
LINE -0.622267 -0.248322 -0.564979 -0.325205
RGB 1 0 0
LINE -0.457312 -0.408731 -0.458664 -0.237236
RGB 0 0 1
LINE -0.590737 -0.134776 -0.458664 -0.237236
RGB 0 0 1
LINE -0.564979 -0.325205 -0.457312 -0.408731
RGB 1 0 0
LINE -0.312252 -0.488826 -0.280723 -0.335488
RGB 0 0 1
LINE -0.458664 -0.237236 -0.280723 -0.335488
RGB 0 0 1
LINE -0.457312 -0.408731 -0.312252 -0.488826
RGB 1 0 0
LINE -0.147297 -0.555831 -0.078375 -0.417681
RGB 0 0 1
LINE -0.280723 -0.335488 -0.078375 -0.417681
RGB 0 0 1
LINE -0.312252 -0.488826 -0.147297 -0.555831
RGB 1 0 0
LINE 0.017658 -0.601662 0.123973 -0.473902
RGB 0 0 1
LINE -0.078375 -0.417681 0.123973 -0.473902
RGB 0 0 1
LINE -0.147297 -0.555831 0.017658 -0.601662
RGB 1 0 0
LINE 0.162718 -0.620793 0.301914 -0.497369
RGB 0 0 1
LINE 0.123973 -0.473902 0.301914 -0.497369
RGB 0 0 1
LINE 0.017658 -0.601662 0.162718 -0.620793
RGB 1 0 0
LINE 0.270385 -0.610915 0.433987 -0.485253
RGB 0 0 1
LINE 0.301914 -0.497369 0.433987 -0.485253
RGB 0 0 1
LINE 0.162718 -0.620793 0.270385 -0.610915
RGB 1 0 0
LINE 0.327673 -0.573221 0.504262 -0.439013
RGB 0 0 1
LINE 0.433987 -0.485253 0.504262 -0.439013
RGB 0 0 1
LINE 0.270385 -0.610915 0.327673 -0.573221
RGB 1 0 0
LINE 0.327673 -0.512256 0.504262 -0.364229
RGB 0 0 1
LINE 0.504262 -0.439013 0.504262 -0.364229
RGB 0 0 1
LINE 0.327673 -0.573221 0.327673 -0.512256
RGB 1 0 0
LINE 0.270384 -0.435374 0.433987 -0.269919
RGB 0 0 1
LINE 0.504262 -0.364229 0.433987 -0.269919
RGB 0 0 1
LINE 0.327673 -0.512256 0.270384 -0.435374
RGB 1 0 0
LINE 0.162718 -0.351848 0.301914 -0.167459
RGB 0 0 1
LINE 0.433987 -0.269919 0.301914 -0.167459
RGB 0 0 1
LINE 0.270384 -0.435374 0.162718 -0.351848
RGB 1 0 0
LINE 0.017658 -0.271752 0.123973 -0.069207
RGB 0 0 1
LINE 0.301914 -0.167459 0.123973 -0.069207
RGB 0 0 1
LINE 0.162718 -0.351848 0.017658 -0.271752
RGB 1 0 0
LINE -0.147297 -0.204747 -0.078375 0.012986
RGB 0 0 1
LINE 0.123973 -0.069207 -0.078375 0.012986
RGB 0 0 1
LINE 0.017658 -0.271752 -0.147297 -0.204747
RGB 1 0 0
LINE -0.078375 0.012986 0.000000 0.229153
RGB 1 0 0
LINE -0.280723 0.069207 -0.215334 0.288982
RGB 0 0 1
LINE 0.000000 0.229153 -0.215334 0.288982
RGB 0 0 1
LINE -0.078375 0.012986 -0.280723 0.069207
RGB 1 0 0
LINE -0.458664 0.092674 -0.404695 0.313956
RGB 0 0 1
LINE -0.215334 0.288982 -0.404695 0.313956
RGB 0 0 1
LINE -0.280723 0.069207 -0.458664 0.092674
RGB 1 0 0
LINE -0.590737 0.080557 -0.545244 0.301061
RGB 0 0 1
LINE -0.404695 0.313956 -0.545244 0.301061
RGB 0 0 1
LINE -0.458664 0.092674 -0.590737 0.080557
RGB 1 0 0
LINE -0.661012 0.034318 -0.620029 0.251855
RGB 0 0 1
LINE -0.545244 0.301061 -0.620029 0.251855
RGB 0 0 1
LINE -0.590737 0.080557 -0.661012 0.034318
RGB 1 0 0
LINE -0.661012 -0.040466 -0.620029 0.172270
RGB 0 0 1
LINE -0.620029 0.251855 -0.620029 0.172270
RGB 0 0 1
LINE -0.661012 0.034318 -0.661012 -0.040466
RGB 1 0 0
LINE -0.590737 -0.134776 -0.545245 0.071908
RGB 0 0 1
LINE -0.620029 0.172270 -0.545245 0.071908
RGB 0 0 1
LINE -0.661012 -0.040466 -0.590737 -0.134776
RGB 1 0 0
LINE -0.458664 -0.237236 -0.404695 -0.037128
RGB 0 0 1
LINE -0.545245 0.071908 -0.404695 -0.037128
RGB 0 0 1
LINE -0.590737 -0.134776 -0.458664 -0.237236
RGB 1 0 0
LINE -0.280723 -0.335488 -0.215334 -0.141685
RGB 0 0 1
LINE -0.404695 -0.037128 -0.215334 -0.141685
RGB 0 0 1
LINE -0.458664 -0.237236 -0.280723 -0.335488
RGB 1 0 0
LINE -0.078375 -0.417681 0.000000 -0.229153
RGB 0 0 1
LINE -0.215334 -0.141685 0.000000 -0.229153
RGB 0 0 1
LINE -0.280723 -0.335488 -0.078375 -0.417681
RGB 1 0 0
LINE 0.123973 -0.473902 0.215334 -0.288982
RGB 0 0 1
LINE 0.000000 -0.229153 0.215334 -0.288982
RGB 0 0 1
LINE -0.078375 -0.417681 0.123973 -0.473902
RGB 1 0 0
LINE 0.301914 -0.497369 0.404695 -0.313956
RGB 0 0 1
LINE 0.215334 -0.288982 0.404695 -0.313956
RGB 0 0 1
LINE 0.123973 -0.473902 0.301914 -0.497369
RGB 1 0 0
LINE 0.433987 -0.485253 0.545245 -0.301061
RGB 0 0 1
LINE 0.404695 -0.313956 0.545245 -0.301061
RGB 0 0 1
LINE 0.301914 -0.497369 0.433987 -0.485253
RGB 1 0 0
LINE 0.504262 -0.439013 0.620029 -0.251855
RGB 0 0 1
LINE 0.545245 -0.301061 0.620029 -0.251855
RGB 0 0 1
LINE 0.433987 -0.485253 0.504262 -0.439013
RGB 1 0 0
LINE 0.504262 -0.364229 0.620029 -0.172270
RGB 0 0 1
LINE 0.620029 -0.251855 0.620029 -0.172270
RGB 0 0 1
LINE 0.504262 -0.439013 0.504262 -0.364229
RGB 1 0 0
LINE 0.433987 -0.269919 0.545244 -0.071908
RGB 0 0 1
LINE 0.620029 -0.172270 0.545244 -0.071908
RGB 0 0 1
LINE 0.504262 -0.364229 0.433987 -0.269919
RGB 1 0 0
LINE 0.301914 -0.167459 0.404695 0.037128
RGB 0 0 1
LINE 0.545244 -0.071908 0.404695 0.037128
RGB 0 0 1
LINE 0.433987 -0.269919 0.301914 -0.167459
RGB 1 0 0
LINE 0.123973 -0.069207 0.215334 0.141685
RGB 0 0 1
LINE 0.404695 0.037128 0.215334 0.141685
RGB 0 0 1
LINE 0.301914 -0.167459 0.123973 -0.069207
RGB 1 0 0
LINE -0.078375 0.012986 -0.000000 0.229153
RGB 0 0 1
LINE 0.215334 0.141685 -0.000000 0.229153
RGB 0 0 1
LINE 0.123973 -0.069207 -0.078375 0.012986
RGB 1 0 0
LINE 0.000000 0.229153 0.078375 0.417681
RGB 1 0 0
LINE -0.215334 0.288982 -0.123973 0.473902
RGB 0 0 1
LINE 0.078375 0.417681 -0.123973 0.473902
RGB 0 0 1
LINE 0.000000 0.229153 -0.215334 0.288982
RGB 1 0 0
LINE -0.404695 0.313956 -0.301914 0.497369
RGB 0 0 1
LINE -0.123973 0.473902 -0.301914 0.497369
RGB 0 0 1
LINE -0.215334 0.288982 -0.404695 0.313956
RGB 1 0 0
LINE -0.545244 0.301061 -0.433987 0.485253
RGB 0 0 1
LINE -0.301914 0.497369 -0.433987 0.485253
RGB 0 0 1
LINE -0.404695 0.313956 -0.545244 0.301061
RGB 1 0 0
LINE -0.620029 0.251855 -0.504262 0.439013
RGB 0 0 1
LINE -0.433987 0.485253 -0.504262 0.439013
RGB 0 0 1
LINE -0.545244 0.301061 -0.620029 0.251855
RGB 1 0 0
LINE -0.620029 0.172270 -0.504262 0.364229
RGB 0 0 1
LINE -0.504262 0.439013 -0.504262 0.364229
RGB 0 0 1
LINE -0.620029 0.251855 -0.620029 0.172270
RGB 1 0 0
LINE -0.545245 0.071908 -0.433987 0.269919
RGB 0 0 1
LINE -0.504262 0.364229 -0.433987 0.269919
RGB 0 0 1
LINE -0.620029 0.172270 -0.545245 0.071908
RGB 1 0 0
LINE -0.404695 -0.037128 -0.301914 0.167459
RGB 0 0 1
LINE -0.433987 0.269919 -0.301914 0.167459
RGB 0 0 1
LINE -0.545245 0.071908 -0.404695 -0.037128
RGB 1 0 0
LINE -0.215334 -0.141685 -0.123973 0.069207
RGB 0 0 1
LINE -0.301914 0.167459 -0.123973 0.069207
RGB 0 0 1
LINE -0.404695 -0.037128 -0.215334 -0.141685
RGB 1 0 0
LINE 0.000000 -0.229153 0.078375 -0.012986
RGB 0 0 1
LINE -0.123973 0.069207 0.078375 -0.012986
RGB 0 0 1
LINE -0.215334 -0.141685 0.000000 -0.229153
RGB 1 0 0
LINE 0.215334 -0.288982 0.280723 -0.069207
RGB 0 0 1
LINE 0.078375 -0.012986 0.280723 -0.069207
RGB 0 0 1
LINE 0.000000 -0.229153 0.215334 -0.288982
RGB 1 0 0
LINE 0.404695 -0.313956 0.458664 -0.092674
RGB 0 0 1
LINE 0.280723 -0.069207 0.458664 -0.092674
RGB 0 0 1
LINE 0.215334 -0.288982 0.404695 -0.313956
RGB 1 0 0
LINE 0.545245 -0.301061 0.590737 -0.080557
RGB 0 0 1
LINE 0.458664 -0.092674 0.590737 -0.080557
RGB 0 0 1
LINE 0.404695 -0.313956 0.545245 -0.301061
RGB 1 0 0
LINE 0.620029 -0.251855 0.661012 -0.034318
RGB 0 0 1
LINE 0.590737 -0.080557 0.661012 -0.034318
RGB 0 0 1
LINE 0.545245 -0.301061 0.620029 -0.251855
RGB 1 0 0
LINE 0.620029 -0.172270 0.661012 0.040466
RGB 0 0 1
LINE 0.661012 -0.034318 0.661012 0.040466
RGB 0 0 1
LINE 0.620029 -0.251855 0.620029 -0.172270
RGB 1 0 0
LINE 0.545244 -0.071908 0.590737 0.134776
RGB 0 0 1
LINE 0.661012 0.040466 0.590737 0.134776
RGB 0 0 1
LINE 0.620029 -0.172270 0.545244 -0.071908
RGB 1 0 0
LINE 0.404695 0.037128 0.458664 0.237236
RGB 0 0 1
LINE 0.590737 0.134776 0.458664 0.237236
RGB 0 0 1
LINE 0.545244 -0.071908 0.404695 0.037128
RGB 1 0 0
LINE 0.215334 0.141685 0.280723 0.335488
RGB 0 0 1
LINE 0.458664 0.237236 0.280723 0.335488
RGB 0 0 1
LINE 0.404695 0.037128 0.215334 0.141685
RGB 1 0 0
LINE -0.000000 0.229153 0.078375 0.417681
RGB 0 0 1
LINE 0.280723 0.335488 0.078375 0.417681
RGB 0 0 1
LINE 0.215334 0.141685 -0.000000 0.229153
RGB 1 0 0
LINE 0.078375 0.417681 0.147297 0.555831
RGB 1 0 0
LINE -0.123973 0.473902 -0.017658 0.601662
RGB 0 0 1
LINE 0.147297 0.555831 -0.017658 0.601662
RGB 0 0 1
LINE 0.078375 0.417681 -0.123973 0.473902
RGB 1 0 0
LINE -0.301914 0.497369 -0.162718 0.620793
RGB 0 0 1
LINE -0.017658 0.601662 -0.162718 0.620793
RGB 0 0 1
LINE -0.123973 0.473902 -0.301914 0.497369
RGB 1 0 0
LINE -0.433987 0.485253 -0.270384 0.610916
RGB 0 0 1
LINE -0.162718 0.620793 -0.270384 0.610916
RGB 0 0 1
LINE -0.301914 0.497369 -0.433987 0.485253
RGB 1 0 0
LINE -0.504262 0.439013 -0.327673 0.573221
RGB 0 0 1
LINE -0.270384 0.610916 -0.327673 0.573221
RGB 0 0 1
LINE -0.433987 0.485253 -0.504262 0.439013
RGB 1 0 0
LINE -0.504262 0.364229 -0.327673 0.512256
RGB 0 0 1
LINE -0.327673 0.573221 -0.327673 0.512256
RGB 0 0 1
LINE -0.504262 0.439013 -0.504262 0.364229
RGB 1 0 0
LINE -0.433987 0.269919 -0.270385 0.435374
RGB 0 0 1
LINE -0.327673 0.512256 -0.270385 0.435374
RGB 0 0 1
LINE -0.504262 0.364229 -0.433987 0.269919
RGB 1 0 0
LINE -0.301914 0.167459 -0.162718 0.351848
RGB 0 0 1
LINE -0.270385 0.435374 -0.162718 0.351848
RGB 0 0 1
LINE -0.433987 0.269919 -0.301914 0.167459
RGB 1 0 0
LINE -0.123973 0.069207 -0.017658 0.271752
RGB 0 0 1
LINE -0.162718 0.351848 -0.017658 0.271752
RGB 0 0 1
LINE -0.301914 0.167459 -0.123973 0.069207
RGB 1 0 0
LINE 0.078375 -0.012986 0.147297 0.204747
RGB 0 0 1
LINE -0.017658 0.271752 0.147297 0.204747
RGB 0 0 1
LINE -0.123973 0.069207 0.078375 -0.012986
RGB 1 0 0
LINE 0.280723 -0.069207 0.312252 0.158916
RGB 0 0 1
LINE 0.147297 0.204747 0.312252 0.158916
RGB 0 0 1
LINE 0.078375 -0.012986 0.280723 -0.069207
RGB 1 0 0
LINE 0.458664 -0.092674 0.457312 0.139785
RGB 0 0 1
LINE 0.312252 0.158916 0.457312 0.139785
RGB 0 0 1
LINE 0.280723 -0.069207 0.458664 -0.092674
RGB 1 0 0
LINE 0.590737 -0.080557 0.564979 0.149663
RGB 0 0 1
LINE 0.457312 0.139785 0.564979 0.149663
RGB 0 0 1
LINE 0.458664 -0.092674 0.590737 -0.080557
RGB 1 0 0
LINE 0.661012 -0.034318 0.622267 0.187357
RGB 0 0 1
LINE 0.564979 0.149663 0.622267 0.187357
RGB 0 0 1
LINE 0.590737 -0.080557 0.661012 -0.034318
RGB 1 0 0
LINE 0.661012 0.040466 0.622267 0.248322
RGB 0 0 1
LINE 0.622267 0.187357 0.622267 0.248322
RGB 0 0 1
LINE 0.661012 -0.034318 0.661012 0.040466
RGB 1 0 0
LINE 0.590737 0.134776 0.564978 0.325205
RGB 0 0 1
LINE 0.622267 0.248322 0.564978 0.325205
RGB 0 0 1
LINE 0.661012 0.040466 0.590737 0.134776
RGB 1 0 0
LINE 0.458664 0.237236 0.457312 0.408731
RGB 0 0 1
LINE 0.564978 0.325205 0.457312 0.408731
RGB 0 0 1
LINE 0.590737 0.134776 0.458664 0.237236
RGB 1 0 0
LINE 0.280723 0.335488 0.312252 0.488826
RGB 0 0 1
LINE 0.457312 0.408731 0.312252 0.488826
RGB 0 0 1
LINE 0.458664 0.237236 0.280723 0.335488
RGB 1 0 0
LINE 0.078375 0.417681 0.147297 0.555831
RGB 0 0 1
LINE 0.312252 0.488826 0.147297 0.555831
RGB 0 0 1
LINE 0.280723 0.335488 0.078375 0.417681
RGB 1 0 0
LINE 0.147297 0.555831 0.198453 0.626939
RGB 1 0 0
LINE -0.017658 0.601662 0.090786 0.656853
RGB 0 0 1
LINE 0.198453 0.626939 0.090786 0.656853
RGB 0 0 1
LINE 0.147297 0.555831 -0.017658 0.601662
RGB 1 0 0
LINE -0.162718 0.620793 -0.003895 0.669340
RGB 0 0 1
LINE 0.090786 0.656853 -0.003895 0.669340
RGB 0 0 1
LINE -0.017658 0.601662 -0.162718 0.620793
RGB 1 0 0
LINE -0.270384 0.610916 -0.074169 0.662893
RGB 0 0 1
LINE -0.003895 0.669340 -0.074169 0.662893
RGB 0 0 1
LINE -0.162718 0.620793 -0.270384 0.610916
RGB 1 0 0
LINE -0.327673 0.573221 -0.111562 0.638290
RGB 0 0 1
LINE -0.074169 0.662893 -0.111562 0.638290
RGB 0 0 1
LINE -0.270384 0.610916 -0.327673 0.573221
RGB 1 0 0
LINE -0.327673 0.512256 -0.111562 0.598497
RGB 0 0 1
LINE -0.111562 0.638290 -0.111562 0.598497
RGB 0 0 1
LINE -0.327673 0.573221 -0.327673 0.512256
RGB 1 0 0
LINE -0.270385 0.435374 -0.074169 0.548316
RGB 0 0 1
LINE -0.111562 0.598497 -0.074169 0.548316
RGB 0 0 1
LINE -0.327673 0.512256 -0.270385 0.435374
RGB 1 0 0
LINE -0.162718 0.351848 -0.003895 0.493798
RGB 0 0 1
LINE -0.074169 0.548316 -0.003895 0.493798
RGB 0 0 1
LINE -0.270385 0.435374 -0.162718 0.351848
RGB 1 0 0
LINE -0.017658 0.271752 0.090786 0.441520
RGB 0 0 1
LINE -0.003895 0.493798 0.090786 0.441520
RGB 0 0 1
LINE -0.162718 0.351848 -0.017658 0.271752
RGB 1 0 0
LINE 0.147297 0.204747 0.198453 0.397785
RGB 0 0 1
LINE 0.090786 0.441520 0.198453 0.397785
RGB 0 0 1
LINE -0.017658 0.271752 0.147297 0.204747
RGB 1 0 0
LINE 0.312252 0.158916 0.306120 0.367871
RGB 0 0 1
LINE 0.198453 0.397785 0.306120 0.367871
RGB 0 0 1
LINE 0.147297 0.204747 0.312252 0.158916
RGB 1 0 0
LINE 0.457312 0.139785 0.400800 0.355384
RGB 0 0 1
LINE 0.306120 0.367871 0.400800 0.355384
RGB 0 0 1
LINE 0.312252 0.158916 0.457312 0.139785
RGB 1 0 0
LINE 0.564979 0.149663 0.471075 0.361832
RGB 0 0 1
LINE 0.400800 0.355384 0.471075 0.361832
RGB 0 0 1
LINE 0.457312 0.139785 0.564979 0.149663
RGB 1 0 0
LINE 0.622267 0.187357 0.508467 0.386435
RGB 0 0 1
LINE 0.471075 0.361832 0.508467 0.386435
RGB 0 0 1
LINE 0.564979 0.149663 0.622267 0.187357
RGB 1 0 0
LINE 0.622267 0.248322 0.508467 0.426227
RGB 0 0 1
LINE 0.508467 0.386435 0.508467 0.426227
RGB 0 0 1
LINE 0.622267 0.187357 0.622267 0.248322
RGB 1 0 0
LINE 0.564978 0.325205 0.471075 0.476408
RGB 0 0 1
LINE 0.508467 0.426227 0.471075 0.476408
RGB 0 0 1
LINE 0.622267 0.248322 0.564978 0.325205
RGB 1 0 0
LINE 0.457312 0.408731 0.400800 0.530926
RGB 0 0 1
LINE 0.471075 0.476408 0.400800 0.530926
RGB 0 0 1
LINE 0.564978 0.325205 0.457312 0.408731
RGB 1 0 0
LINE 0.312252 0.488826 0.306120 0.583205
RGB 0 0 1
LINE 0.400800 0.530926 0.306120 0.583205
RGB 0 0 1
LINE 0.457312 0.408731 0.312252 0.488826
RGB 1 0 0
LINE 0.147297 0.555831 0.198453 0.626939
RGB 0 0 1
LINE 0.306120 0.583205 0.198453 0.626939
RGB 0 0 1
LINE 0.312252 0.488826 0.147297 0.555831
RGB 1 0 0
LINE 0.198453 0.626939 0.225672 0.622429
RGB 1 0 0
LINE 0.090786 0.656853 0.188280 0.632818
RGB 0 0 1
LINE 0.225672 0.622429 0.188280 0.632818
RGB 0 0 1
LINE 0.198453 0.626939 0.090786 0.656853
RGB 1 0 0
LINE -0.003895 0.669340 0.155398 0.637155
RGB 0 0 1
LINE 0.188280 0.632818 0.155398 0.637155
RGB 0 0 1
LINE 0.090786 0.656853 -0.003895 0.669340
RGB 1 0 0
LINE -0.074169 0.662893 0.130991 0.634916
RGB 0 0 1
LINE 0.155398 0.637155 0.130991 0.634916
RGB 0 0 1
LINE -0.003895 0.669340 -0.074169 0.662893
RGB 1 0 0
LINE -0.111562 0.638290 0.118005 0.626371
RGB 0 0 1
LINE 0.130991 0.634916 0.118005 0.626371
RGB 0 0 1
LINE -0.074169 0.662893 -0.111562 0.638290
RGB 1 0 0
LINE -0.111562 0.598497 0.118005 0.612551
RGB 0 0 1
LINE 0.118005 0.626371 0.118005 0.612551
RGB 0 0 1
LINE -0.111562 0.638290 -0.111562 0.598497
RGB 1 0 0
LINE -0.074169 0.548316 0.130991 0.595123
RGB 0 0 1
LINE 0.118005 0.612551 0.130991 0.595123
RGB 0 0 1
LINE -0.111562 0.598497 -0.074169 0.548316
RGB 1 0 0
LINE -0.003895 0.493798 0.155398 0.576190
RGB 0 0 1
LINE 0.130991 0.595123 0.155398 0.576190
RGB 0 0 1
LINE -0.074169 0.548316 -0.003895 0.493798
RGB 1 0 0
LINE 0.090786 0.441520 0.188280 0.558033
RGB 0 0 1
LINE 0.155398 0.576190 0.188280 0.558033
RGB 0 0 1
LINE -0.003895 0.493798 0.090786 0.441520
RGB 1 0 0
LINE 0.198453 0.397785 0.225672 0.542845
RGB 0 0 1
LINE 0.188280 0.558033 0.225672 0.542845
RGB 0 0 1
LINE 0.090786 0.441520 0.198453 0.397785
RGB 1 0 0
LINE 0.306120 0.367871 0.263064 0.532456
RGB 0 0 1
LINE 0.225672 0.542845 0.263064 0.532456
RGB 0 0 1
LINE 0.198453 0.397785 0.306120 0.367871
RGB 1 0 0
LINE 0.400800 0.355384 0.295947 0.528119
RGB 0 0 1
LINE 0.263064 0.532456 0.295947 0.528119
RGB 0 0 1
LINE 0.306120 0.367871 0.400800 0.355384
RGB 1 0 0
LINE 0.471075 0.361832 0.320353 0.530358
RGB 0 0 1
LINE 0.295947 0.528119 0.320353 0.530358
RGB 0 0 1
LINE 0.400800 0.355384 0.471075 0.361832
RGB 1 0 0
LINE 0.508467 0.386435 0.333339 0.538903
RGB 0 0 1
LINE 0.320353 0.530358 0.333339 0.538903
RGB 0 0 1
LINE 0.471075 0.361832 0.508467 0.386435
RGB 1 0 0
LINE 0.508467 0.426227 0.333339 0.552722
RGB 0 0 1
LINE 0.333339 0.538903 0.333339 0.552722
RGB 0 0 1
LINE 0.508467 0.386435 0.508467 0.426227
RGB 1 0 0
LINE 0.471075 0.476408 0.320353 0.570150
RGB 0 0 1
LINE 0.333339 0.552722 0.320353 0.570150
RGB 0 0 1
LINE 0.508467 0.426227 0.471075 0.476408
RGB 1 0 0
LINE 0.400800 0.530926 0.295947 0.589084
RGB 0 0 1
LINE 0.320353 0.570150 0.295947 0.589084
RGB 0 0 1
LINE 0.471075 0.476408 0.400800 0.530926
RGB 1 0 0
LINE 0.306120 0.583205 0.263064 0.607240
RGB 0 0 1
LINE 0.295947 0.589084 0.263064 0.607240
RGB 0 0 1
LINE 0.400800 0.530926 0.306120 0.583205
RGB 1 0 0
LINE 0.198453 0.626939 0.225672 0.622429
RGB 0 0 1
LINE 0.263064 0.607240 0.225672 0.622429
RGB 0 0 1
LINE 0.306120 0.583205 0.198453 0.626939
